237084
237221
239824
239941
240414
240536
240606
240718
240783
240988
241110
241184
241273
241341
241402
241476
241594
241735
242044
242165
242337
242461
242532
242869
243036
243226
243349
243426
243498
243605
243671
243776
243841
243954
244020
244134
244200
244308
244375
244483
244550
244655
244763
244877
244943
245058
245125
245244
245309
245415
245480
245608
245789
245929
245982
246170
246288
246360
246548
246682
246741
246867
247052
247161
247232
247322
247372
256456
256563
256621
256741
256799
256862
256964
260459
261639
261683
266054
266225
267700
267799
267854
267959
268036
268140
268198
268274
268332
268380
268434
268539
274756
274879
281401
281641
