1272
1401
1667
3083
3130
3187
3397
3551
3875
4026
4185
4357
4405
4451
4584
5181
5513
5626
5749
9723
9779
9923
10134
10238
10342
10444
10607
10873
10963
11081
11461
11544
12490
13027
13112
13201
13511
13613
15114
15190
15455
15531
15796
15872
16137
16213
16563
16635
16966
17036
17822
17975
18051
19809
20620
20957
21035
21607
23444
23716
23772
23831
24013
24372
24429
24502
24671
24745
24917
25000
25199
25277
25362
25567
25751
25827
26005
26083
26267
26341
26513
26589
26767
26846
27033
27106
27275
27345
27505
27578
27747
27823
28001
28075
28247
28325
28509
28599
28819
28907
29121
29200
29387
29442
29575
29794
31467
33218
33476
36032
36100
36333
36392
37851
37988
38150
38312
39027
39105
39579
39640
39845
39910
40122
40189
40409
40469
40536
40619
40806
40890
41082
41151
41240
42624
42697
42777
42972
43167
43362
43643
43817
43991
44165
44339
44513
44687
44940
45011
45179
45347
45592
45665
45744
46021
46274
46343
46505
46667
46829
47066
47140
47397
47465
47624
47783
47942
48101
48260
48493
48558
48708
48858
49079
49147
49380
49451
49619
49787
50032
50097
50170
50423
50644
50713
50875
51037
51199
51361
51523
51768
51841
52015
52268
52353
52654
52732
52921
53110
53383
53466
53759
53833
54010
54322
55584
60561
74048
74159
74213
74428
75482
76541
76602
77431
77556
77656
77750
77862
77914
78011
78505
78593
81217
81671
81714
84511
84835
84877
85111
85273
85319
85369
85423
87572
95265
95589
95754
95890
95961
96014
96067
96134
96250
143674
152575
153131
153792
169337
176370
176756
176803
176898
176993
177088
181646
183056
186364
187768
188281
188661
188845
195838
195955
196001
203101
204050
204543
205679
205719
209173
209214
214359
215370
216965
217343
219679
219966
220106
220217
220484
220533
228367
228412
228515
228882
229127
229357
238810
239494
247670
248474
251163
254227
256400
257077
260007
260143
260275
261945
263865
263949
265311
266054
267079
267373
267632
271471
273719
274287
275325
275944
277046
277236
278329
279123
279451
279613
280574
282020
284096
287610
287655
289978
290071
290549
292479
292666
292730
293067
293275
293339
293529
293690
293819
294028
294243
294429
294482
294589
294830
295119
295169
295410
295632
295832
296001
296138
296393
297753
297840
298560
298771
298994
