89098
89201
89305
89409
89513
89617
89719
89822
89926
90029
90132
90235
90338
90440
90544
90647
90749
90852
90956
91058
91161
91264
91368
91471
91575
91648
91751
91854
91957
92060
92164
92267
92370
92474
92578
92682
92785
92889
92993
93096
93199
93301
93404
93507
93610
93713
93816
93919
94022
94126
94228
94332
94436
94540
94643
94746
94850
94954
95057
95161
96347
96449
96552
96654
96758
96862
96965
97068
97171
97274
97376
97480
97582
97686
97789
97893
97996
98099
98201
98304
98407
98511
98615
98718
98822
98926
99029
99133
99237
99340
99443
99546
99649
99752
99855
99959
100061
100165
100269
100372
100476
100578
100681
100783
100886
100989
101092
101196
101298
101401
101505
101608
101711
101814
101917
102020
102123
102225
102328
102431
102534
105122
105225
105329
105433
105536
105640
105743
105846
105950
106053
106157
106261
106363
106464
106568
106670
106772
106876
106979
107082
107186
107289
107393
107497
107600
107704
107807
107962
108064
108167
108269
108372
108475
108577
108681
108784
108887
108990
109093
109195
109281
109382
109486
109589
109693
109796
109899
110002
110104
110208
110310
110460
110563
110666
110770
110874
110977
111079
111182
111285
111389
111492
111596
111700
111802
111905
112009
112113
112217
112360
112464
112567
112670
112774
112877
112981
113084
113187
113290
113393
113496
113598
113741
113845
113948
114051
114154
114257
114360
114463
114564
114667
114771
114874
114978
115081
115184
115288
115392
115495
115599
115703
115806
115909
116013
116117
116220
117307
117409
117513
117616
117719
117822
117926
118030
118133
118237
118340
118444
118548
118651
118754
118857
118960
119063
119166
119269
119373
119476
119580
119684
119788
119892
119995
120099
120203
120306
120410
120517
120620
120723
120826
120929
121032
121135
121239
121342
121445
121548
121651
121754
121857
121960
122063
122166
122269
122371
122474
122575
122679
122783
122886
122989
123092
123195
123298
123400
123504
123606
123710
123813
123917
124020
124289
124393
124497
124600
124710
124813
124917
125021
125124
125227
125331
125434
125538
125642
125744
125848
125951
126055
126158
126261
126364
126466
126569
126671
126774
126876
126979
127082
127185
127288
127392
127495
127598
127701
127804
127908
128010
128114
128218
128322
128426
128529
128632
128735
128838
128942
129045
129147
129251
129354
129457
129561
129664
129767
129870
129973
130076
130178
130282
130385
130488
130599
130701
130805
130908
131010
131114
131217
131320
131424
131528
131631
131735
131838
131940
132042
132146
132250
132352
132456
132560
132663
132767
132870
132972
133076
133179
133283
133387
133490
133592
133695
133797
133900
134004
134107
134211
134314
134417
134520
134624
134727
134830
134933
135035
135138
135240
135343
135447
135550
135652
135756
135858
135961
136063
136167
136270
136373
136476
136580
136683
136787
136891
136994
137364
137467
137577
137681
137784
137888
137992
138095
138198
138300
138404
138508
138611
138714
138817
138921
139024
139128
139232
139335
139439
139543
139645
139749
139853
139956
140060
140163
140266
140369
140473
140575
140677
140781
140885
140989
141092
141195
141299
141402
141505
141609
141712
141814
141918
142022
142125
142228
142332
142435
142538
142642
142746
142849
142952
143055
143158
143262
143364
143467
143571
143727
143829
143933
144036
144139
144242
144344
144446
144548
144651
144753
144857
144960
145063
145167
145271
145374
145476
145580
145683
145787
145890
145993
146096
146199
146303
146406
146509
146611
146721
146824
146927
147031
147134
147237
147608
147711
147814
147916
148019
148122
148225
148328
148432
148536
148639
148743
148846
148950
149054
149158
149262
149365
149468
149571
149675
149778
149882
149985
150089
150192
150294
150398
150501
150604
150708
150811
150914
151017
151120
151223
151334
151438
151540
151643
151746
151850
151954
152058
152162
152266
152370
152472
152615
152718
152821
152924
153027
153172
153276
153379
153482
153585
153688
153833
153936
154038
154142
154245
154349
154452
154555
154658
154762
154866
154969
155072
155176
155279
155383
155487
155591
155695
155799
155903
156007
156111
156214
156317
156421
156525
156628
156731
156834
156938
157041
157145
157248
157351
157454
157557
157660
157763
157866
157968
158071
158173
158276
158378
158482
158585
158689
158791
177555
177657
177761
177865
177969
178073
178174
178277
178380
178483
178586
178689
178792
178895
178997
179100
179202
179306
179409
179511
179614
179717
179821
179924
180026
180128
180231
180335
180439
180542
180645
180748
180851
180955
181058
181160
181351
181501
181692
181796
181899
182002
182105
183640
183743
183847
183949
184052
184155
184258
188999
189101
189205
189308
189411
189514
189617
189721
189824
189928
190031
190134
190238
190342
190445
190549
190652
190756
190859
190963
191066
191168
191271
191374
191477
191581
191685
191788
191892
191996
192107
192210
192313
192415
192518
192622
192726
192830
192939
193042
193234
193337
193440
193595
193698
193800
193903
194006
194110
194213
194316
194419
194522
194625
194728
194830
194932
195004
195108
195530
195633
195735
196788
196891
196994
197098
197202
197306
197409
197512
197615
197718
197821
197924
198027
198130
198234
198337
198440
198542
198644
198746
198849
198952
199056
199159
199262
199365
199468
199571
199674
199777
199880
199984
200088
200191
200294
200397
200500
200603
200707
200948
201050
201154
201257
201360
201463
201567
201670
201773
201875
201978
202081
202280
202388
202492
202595
202697
202800
202903
209257
209361
209463
209566
209677
209779
209881
209984
210087
210189
210293
210396
210499
210603
210706
210808
210912
211014
211118
211221
211325
211428
211532
211635
211738
211842
211945
212048
212152
212256
212364
212468
212571
212673
212776
212879
212982
213085
213189
213292
213396
213499
213601
213704
213807
213909
214013
214115
214564
214773
214876
214979
215083
215421
215524
215627
215729
215832
215936
216040
216144
216247
216350
216458
216562
216665
219059
219162
219266
219369
219473
219576
220711
220815
220918
221021
221124
221228
221331
221435
221538
221642
221746
221849
221953
222057
222161
222264
222368
222471
222575
222679
222782
222885
222988
223092
223195
223299
223402
223506
223609
223711
223814
223923
224027
224131
224235
224386
224489
224592
224818
224921
225024
225127
225230
225333
225437
225539
225642
225745
225849
225953
226057
226159
226262
226366
226470
226581
226684
229400
229504
229608
229718
229822
229924
230028
230132
230235
230339
230442
230545
230649
230752
230856
230960
231077
231180
231289
231392
231495
231604
231708
231811
231913
232016
232119
232222
232326
232430
232534
232638
232742
232846
232950
233053
233164
233266
233369
233473
233576
233678
233781
233884
233988
234414
234517
234621
234724
234827
234930
235034
235138
235241
235344
235447
235551
235655
235757
235860
235963
236773
236876
236980
237279
237382
237485
237589
237693
237795
