1238
1323
1360
1740
1788
1840
1891
1937
1987
2040
2097
2141
2189
2245
2305
2353
2405
2454
2507
2555
2607
2655
2707
2754
2805
2849
2897
2944
2995
3037
3247
3323
3450
3500
3607
3687
3758
3819
3920
3971
4075
4131
4239
4301
4645
4713
4775
4844
4915
4980
5054
5128
5255
5318
5380
5451
5563
5680
5805
5875
5945
6008
6072
6133
6194
6255
6314
6373
6463
6545
6627
6702
6773
6844
6915
6999
7084
7168
7244
7320
7396
7472
7548
7617
7687
7756
7825
7892
7959
8026
8093
8160
8225
8290
8356
8421
8486
8551
8619
8687
8752
8817
8882
8947
9012
9075
9140
9205
9271
9336
9401
9466
9525
9584
9654
9839
9975
10051
10186
10519
10691
10782
11203
11336
11634
11748
11854
11966
12064
12169
12277
12394
12578
12682
12773
12860
12940
13297
13404
13719
13836
13948
14067
14184
14296
14408
14510
14610
14709
14807
14913
15011
15275
15367
15616
15708
15957
16049
16298
16390
16478
16716
16804
16887
17115
17201
17282
17361
17440
17522
17600
17676
17754
17892
18127
18214
18305
18394
18479
18582
18669
18742
18817
18898
18973
19049
19128
19204
19283
19354
19427
19506
19579
19653
19731
19878
19967
20058
20155
20246
20338
20433
20525
20697
20786
20877
21113
21193
21295
21406
21510
21682
21759
21851
21944
22042
22140
22240
22340
22449
22558
22655
22750
22847
22945
23047
23142
23239
23337
23386
23495
23562
23607
23656
23887
23949
24070
24152
24227
24300
24579
24823
25087
25451
25649
25907
26165
26419
26669
26929
27183
27419
27655
27903
28153
28407
28693
28999
29283
29509
29651
29733
29858
29921
29988
30057
30131
30204
30279
30358
30429
30502
30578
30646
30714
30783
30853
30919
31002
31085
31168
31239
31312
31399
31523
31596
31663
31725
31789
31864
31938
32014
32094
32166
32240
32317
32386
32455
32525
32596
32663
32747
32831
32915
32987
33061
33149
33274
33347
33414
33541
33605
33676
33751
33825
33901
33981
34053
34127
34204
34273
34342
34412
34483
34550
34634
34718
34802
34874
34948
35036
35105
35166
35240
35312
35384
35456
35523
35588
35653
35718
35779
35843
35907
35971
36172
36259
36455
36524
36591
36654
36717
36780
36843
36903
36978
37051
37131
37191
37251
37311
37386
37461
37536
37618
37700
37782
37920
38061
38223
38385
38474
38549
38608
38667
38726
38785
38844
38903
38962
39187
39294
39378
39445
39512
39705
39778
39979
40051
40260
40336
40706
40978
41333
41445
41508
41571
41634
41697
41763
41829
41906
41983
42054
42125
42196
42267
42335
42403
42476
42549
42861
43056
43251
43446
43557
43720
43894
44068
44242
44416
44590
44764
44861
45086
45254
45422
45515
45827
45936
46098
46195
46416
46578
46740
46902
46991
47218
47317
47537
47696
47855
48014
48173
48332
48419
48627
48777
48927
49008
49219
49306
49526
49694
49862
49955
50247
50344
50492
50573
50786
50948
51110
51272
51434
51596
51693
51918
52092
52189
52442
52563
52814
53003
53192
53299
53553
53670
53911
54088
54187
54267
54619
54676
54732
54789
54846
54900
54957
55025
55075
55138
55207
55266
55332
55400
55465
55530
55649
55734
55818
55903
55989
56075
56159
56236
56301
56375
56450
56516
56589
56655
56720
56785
56860
56913
56978
57039
57102
57156
57214
57274
57335
57392
57454
57513
57582
57645
57701
57763
57830
57887
57955
58028
58086
58153
58215
58272
58331
58394
58467
58537
58602
58671
58744
58805
58885
58957
59024
59094
59159
59224
59290
59355
59420
59489
59563
59628
59691
59742
59801
59867
59930
59998
60062
60126
60195
60264
60314
60374
60439
60502
60625
60701
60765
60841
60907
60983
61050
61118
61181
61251
61314
61377
61440
61503
61576
61644
61706
61770
61830
61901
61973
62045
62119
62187
62252
62315
62390
62463
62530
62593
62677
62745
62801
62853
62911
62971
63023
63076
63137
63208
63274
63327
63384
63442
63501
63557
63607
63676
63735
63802
63867
63925
63987
64051
64124
64196
64256
64321
64384
64440
64502
64562
64616
64694
64768
64842
64900
64959
65027
65087
65143
65200
65272
65336
65401
65479
65549
65613
65680
65743
65815
65883
65951
66016
66077
66146
66210
66272
66328
66388
66444
66502
66560
66628
66687
66746
66822
66897
66967
67036
67095
67154
67212
67282
67354
67428
67491
67559
67621
67687
67747
67803
67862
67916
67972
68027
68101
68161
68220
68280
68337
68403
68461
68521
68570
68620
68673
68728
68792
68858
68924
68978
69039
69096
69151
69213
69279
69343
69403
69469
69524
69604
69680
69754
69829
69904
69978
70057
70150
70225
70302
70361
70423
70484
70549
70617
70682
70735
70796
70851
70908
70966
71017
71074
71136
71198
71264
71328
71384
71442
71510
71580
71638
71702
71757
71815
71881
71941
72008
72063
72118
72171
72227
72298
72368
72426
72501
72576
72652
72721
72777
72835
72890
72944
72997
73051
73110
73164
73231
73283
73339
73392
73449
73517
73594
73657
73724
73796
73859
73922
73986
74101
74262
74301
74340
74378
74467
74523
74583
74624
74670
74722
74760
74802
74851
74904
74958
75016
75070
75128
75182
75240
75293
75350
75393
75440
75535
75580
75625
75679
75736
75790
75844
75898
75952
76009
76066
76120
76177
76231
76288
76345
76395
76443
76491
76646
76686
76730
76774
76822
76864
76910
76958
76996
77038
77078
77122
77164
77210
77251
77296
77343
77385
77467
77510
77601
77696
77799
77954
78051
78093
78138
78187
78240
78295
78351
78399
78451
78546
78638
78689
78743
78798
78865
78929
78995
79061
79131
79193
79275
79338
79399
79463
79524
79588
79654
79722
79787
79849
79913
79987
80044
80107
80166
80231
80299
80361
80423
80489
80547
80625
80684
80741
80812
80860
80914
80980
81048
81101
81154
81266
81328
81386
81445
81508
81572
81628
81763
81823
81877
81947
82024
82097
82177
82236
82294
82367
82430
82489
82552
82623
82699
82756
82817
82880
82961
83026
83083
83139
83202
83264
83322
83381
83441
83505
83566
83618
83673
83735
83796
83859
83898
83942
83990
84035
84078
84122
84161
84209
84253
84295
84341
84385
84427
84470
84555
84601
84654
84711
84755
84796
84926
84989
85052
85153
85212
85484
85564
85632
85711
85785
85856
85928
85994
86071
86148
86215
86301
86376
86448
86518
86589
86682
86754
86823
86904
86973
87048
87125
87199
87257
87315
87366
87418
87466
87522
87624
87686
87741
87801
87865
87917
87967
88016
88064
89098
89201
89305
89409
89513
89617
89719
89822
89926
90029
90132
90235
90338
90440
90544
90647
90749
90852
90956
91058
91161
91264
91368
91471
91648
91751
91854
91957
92060
92164
92267
92370
92474
92578
92682
92785
92889
92993
93096
93199
93301
93404
93507
93610
93713
93816
93919
94022
94126
94228
94332
94436
94540
94643
94746
94850
94954
95057
95161
96347
96449
96552
96654
96758
96862
96965
97068
97171
97274
97376
97480
97582
97686
97789
97893
97996
98099
98201
98304
98407
98511
98615
98718
98822
98926
99029
99133
99237
99340
99443
99546
99649
99752
99855
99959
100061
100165
100269
100372
100476
100578
100681
100783
100886
100989
101092
101196
101298
101401
101505
101608
101711
101814
101917
102020
102123
102225
102328
102431
102534
105122
105225
105329
105433
105536
105640
105743
105846
105950
106053
106157
106261
106363
106464
106568
106670
106772
106876
106979
107082
107186
107289
107393
107497
107600
107704
107807
107962
108064
108167
108269
108372
108475
108577
108681
108784
108887
108990
109093
109281
109382
109486
109589
109693
109796
109899
110002
110104
110208
110310
110460
110563
110666
110770
110874
110977
111079
111182
111285
111389
111492
111596
111700
111802
111905
112009
112113
112217
112360
112464
112567
112670
112774
112877
112981
113084
113187
113290
113393
113496
113598
113702
113741
113845
113948
114051
114154
114257
114360
114463
114564
114667
114771
114874
114978
115081
115184
115288
115392
115495
115599
115703
115806
115909
116013
116117
116220
116357
117307
117409
117513
117616
117719
117822
117926
118030
118133
118237
118340
118444
118548
118651
118754
118857
118960
119063
119166
119269
119373
119476
119580
119684
119788
119892
119995
120099
120203
120306
120410
120517
120620
120723
120826
120929
121032
121135
121239
121342
121445
121548
121651
121754
121857
121960
122063
122166
122269
122371
122474
122575
122679
122783
122886
122989
123092
123195
123298
123400
123504
123606
123710
123813
123917
124020
124289
124393
124497
124600
124710
124813
124917
125021
125124
125227
125331
125434
125538
125642
125744
125848
125951
126055
126158
126261
126364
126466
126569
126671
126774
126876
126979
127082
127185
127288
127392
127495
127598
127701
127804
127908
128010
128114
128218
128322
128426
128529
128632
128735
128838
128942
129045
129147
129251
129354
129457
129561
129664
129767
129870
129973
130076
130178
130282
130385
130488
130599
130701
130805
130908
131010
131114
131217
131320
131424
131528
131631
131735
131838
131940
132042
132146
132250
132352
132456
132560
132663
132767
132870
132972
133076
133179
133283
133387
133490
133592
133695
133797
133900
134004
134107
134211
134314
134417
134520
134624
134727
134830
134933
135035
135138
135240
135343
135447
135550
135652
135756
135858
135961
136063
136167
136270
136373
136476
136580
136683
136787
136891
136994
137364
137467
137577
137681
137784
137888
137992
138095
138198
138300
138404
138508
138611
138714
138817
138921
139024
139128
139232
139335
139439
139543
139645
139749
139853
139956
140060
140163
140266
140369
140473
140575
140677
140781
140885
140989
141092
141195
141299
141402
141505
141609
141712
141814
141918
142022
142125
142228
142332
142435
142538
142642
142746
142849
142952
143055
143158
143262
143364
143467
143571
143727
143829
143933
144036
144139
144242
144344
144446
144548
144651
144753
144857
144960
145063
145167
145271
145374
145476
145580
145683
145787
145890
145993
146096
146199
146303
146406
146509
146611
146721
146824
146927
147031
147134
147608
147711
147814
147916
148019
148122
148225
148328
148432
148536
148639
148743
148846
148950
149054
149158
149262
149365
149468
149571
149675
149778
149882
149985
150089
150192
150294
150398
150501
150604
150708
150811
150914
151017
151120
151223
151334
151438
151540
151643
151746
151850
151954
152058
152162
152266
152370
152472
152615
152718
152821
152924
153027
153172
153276
153379
153482
153585
153688
153833
153936
154038
154142
154245
154349
154452
154555
154658
154762
154866
154969
155072
155176
155279
155383
155487
155591
155695
155799
155903
156007
156111
156214
156317
156421
156525
156628
156731
156834
156938
157041
157145
157248
157351
157454
157557
157660
157763
157866
157968
158071
158173
158276
158378
158482
158585
158689
158791
159389
159436
159491
159811
159852
159909
159973
160033
160371
160421
161423
161474
161534
161584
162526
162576
162634
163708
163752
163806
164018
164064
164128
164859
165010
165091
166810
166862
166914
166956
169025
169064
169114
169256
169515
169560
169602
169645
170502
170540
170592
171413
171469
171537
171732
172031
172074
172315
172421
172706
172759
172800
173553
173763
174921
175114
175160
175593
175661
176226
176270
176326
176710
176851
176946
177041
177136
177555
177657
177761
177865
177969
178073
178174
178277
178380
178483
178586
178689
178792
178895
178997
179100
179202
179306
179409
179511
179614
179717
179821
179924
180026
180128
180231
180335
180439
180542
180645
180748
180851
180955
181058
181160
181308
181351
181455
181501
181692
181796
181899
182002
182105
182209
182256
182315
182371
182429
182487
182549
182603
182677
182732
182785
182841
183098
183143
183189
183640
183743
183847
183949
184052
184155
184258
184397
184450
184851
184894
186075
186132
186171
186258
186316
186364
186449
186504
186561
186606
186650
186704
187058
187116
187174
187233
187290
187347
187463
187514
187566
187618
187668
187718
187956
188002
188051
188281
188385
188434
188474
188515
188569
188999
189101
189205
189308
189411
189514
189617
189721
189824
189928
190031
190134
190238
190342
190445
190549
190652
190756
190859
190963
191066
191168
191271
191374
191477
191581
191685
191788
191892
191996
192107
192210
192313
192415
192518
192622
192726
192830
192939
193042
193146
193192
193234
193337
193440
193595
193698
193800
193903
194006
194110
194213
194316
194419
194522
194625
194728
194830
195004
195108
195248
195302
195484
195530
195633
195735
196044
196100
196158
196218
196275
196329
196385
196451
196500
196788
196891
196994
197098
197202
197306
197409
197512
197615
197718
197821
197924
198027
198130
198234
198337
198440
198542
198644
198746
198849
198952
199056
199159
199262
199365
199468
199571
199674
199777
199880
199984
200088
200191
200294
200397
200500
200603
200707
200852
200898
200948
201050
201154
201257
201360
201463
201567
201670
201773
201875
201978
202081
202185
202237
202280
202388
202492
202595
202697
202800
202903
203006
203053
203254
203315
203403
203452
203499
203549
203643
203694
203742
203800
203852
203897
203948
204004
204090
204147
204209
204621
204668
204729
205572
205628
205769
205815
205918
205969
206124
206173
206280
206329
206378
206427
206476
206525
206574
206626
206688
206747
206801
206855
206909
206967
207017
207087
207138
207523
207581
207643
207693
207762
207823
207879
207932
207991
208045
208099
208154
208208
208262
208320
208383
208437
208481
208586
208732
208844
208948
209080
209257
209361
209463
209566
209677
209779
209881
209984
210087
210189
210293
210396
210499
210603
210706
210808
210912
211014
211118
211221
211325
211428
211532
211635
211738
211842
211945
212048
212152
212256
212364
212468
212571
212673
212776
212879
212982
213085
213189
213292
213396
213499
213601
213704
213807
213909
214013
214115
214420
214518
214564
214668
214720
214773
214876
214979
215083
215186
215223
215265
215320
215421
215524
215627
215729
215832
215936
216040
216144
216247
216350
216458
216562
216665
216768
216812
217012
217064
217121
217174
217227
217285
217402
217545
217597
217638
217679
217729
217782
217832
217882
217932
217982
218035
218088
218138
218191
218241
218294
218347
218395
218441
218485
218529
218640
219059
219162
219266
219369
219473
219576
219728
219788
220008
220067
220150
220262
220301
220348
220440
220711
220815
220918
221021
221124
221228
221331
221435
221538
221642
221746
221849
221953
222057
222161
222264
222368
222471
222575
222679
222782
222885
222988
223092
223195
223299
223402
223506
223609
223711
223814
223923
224027
224131
224235
224386
224489
224592
224818
224921
225024
225127
225230
225333
225437
225539
225642
225745
225849
225953
226057
226159
226262
226366
226470
226581
226684
226828
226877
226931
226983
227030
227077
227125
227173
227221
227269
227326
227374
227422
227472
227528
227578
227629
227683
227734
227788
227844
227902
227966
228024
228083
228145
228204
228266
228776
229084
229400
229504
229608
229718
229822
229924
230028
230132
230235
230339
230442
230545
230649
230752
230856
230960
231077
231180
231289
231392
231495
231604
231708
231811
231913
232016
232119
232222
232326
232430
232534
232638
232742
232846
232950
233053
233164
233266
233369
233473
233576
233678
233781
233884
233988
234092
234414
234517
234621
234724
234827
234930
235034
235138
235241
235344
235447
235551
235655
235757
235860
235963
236727
236773
236876
236980
237181
237279
237382
237485
237589
237693
237795
237937
237989
238054
238110
238615
238850
238907
238959
239004
239063
239115
239167
239219
239271
239333
239390
239441
239767
240012
240090
240160
240230
240293
240353
241809
241870
241933
241990
242113
242278
242598
242658
242805
243164
245681
245737
246051
246491
246623
246806
246993
247437
247488
247533
247574
247621
247716
247769
247824
247880
247928
247980
248091
248132
248174
248224
248284
248515
248627
248677
248723
248770
248818
248863
251051
251091
251125
251438
251477
251523
251563
251607
251651
251695
251743
251791
251844
251886
251932
251980
252018
252060
252100
252144
252187
252230
252274
252313
252369
252413
252457
252507
252549
252595
252636
252681
252727
252779
252826
252868
252910
252956
252999
253533
253579
253782
253823
254169
254332
254774
255680
255736
255781
255841
255899
255964
256012
256066
256113
256164
256217
256279
256340
257019
257158
257207
257259
257301
257346
257391
257436
257496
257556
257616
257683
257750
257817
257871
257923
257968
258024
258075
258124
258167
258234
258297
258360
258407
258455
258512
258561
258614
258660
258721
258774
258828
258895
258954
259015
259071
259123
259184
259489
259554
259608
259658
259716
259769
259823
259867
259918
259963
260051
260094
260183
260228
260335
260412
260557
260614
260662
260710
260775
260839
260898
260956
261004
261052
261099
261158
261219
261282
261334
261391
261442
261497
261546
261591
261733
261776
261817
261862
261906
261987
262050
262101
262150
262198
262273
262318
262364
262408
262452
262496
262540
262577
262618
262673
262720
262766
262814
262868
262916
262965
263018
263071
263120
263158
263244
263458
263543
263590
263635
263682
263724
263773
264130
264909
264964
265064
265107
265261
265656
265699
265867
266179
266285
266343
266403
266463
266532
266601
267465
268617
268674
268712
268961
269070
269121
269176
269229
270045
270100
270157
270215
270264
270319
270363
270432
270496
270559
270623
270688
270753
270816
270872
270937
271000
271064
271128
271191
271259
271341
271405
271679
271723
271767
271811
271856
271904
271948
272004
272055
272105
272158
272212
272257
272309
272354
272408
272452
272496
272553
272607
272743
272793
272925
272974
273027
273080
273130
273174
273226
273569
273615
273665
273788
273862
273914
273966
274018
274060
274110
274154
274200
274247
274559
274608
274656
274703
275196
275243
275369
275529
275882
275986
276354
276402
277134
277185
278032
278085
278132
278177
278224
278435
278490
278592
278637
278684
279249
279306
279365
279406
279707
279754
279807
279851
280154
280723
280954
281099
281144
281193
281243
281297
281347
281490
281537
281592
281778
282222
282601
282650
282698
282748
282790
283000
283050
283104
283146
283518
283560
283605
283654
283707
283748
283848
284136
284208
284281
284353
284417
284481
284545
284609
284673
284730
284788
284845
284902
284953
285008
285063
285118
285173
285228
285281
285334
285388
285441
285494
285547
285603
285659
285712
285765
285818
285871
285924
285975
286028
286081
286135
286188
286241
286294
286338
286970
287025
287082
287140
287179
287338
288761
288805
289107
289351
289485
289532
289596
289660
289725
289783
289828
289875
289919
290128
290184
290401
290589
290946
290993
291040
291088
291136
291184
291232
291274
291325
291376
291419
291467
291529
291591
291647
291703
291759
291815
291868
291921
291964
292020
292061
292119
292176
292234
292292
292337
292397
292439
292525
292593
292801
292889
293006
293129
293202
293403
293466
293589
293746
293884
293966
294087
294181
294299
294366
294536
294648
294706
294770
294892
294965
295042
295227
295284
295333
295470
295571
295696
295765
295908
296064
296212
296285
296347
296458
296528
296584
296641
296707
296759
296815
296870
296934
296995
297047
297099
297794
297884
297937
298065
298106
298151
298191
298235
298272
298313
298353
298397
298454
298511
298603
298651
298697
298732
298811
298851
