11
58
111
160
215
290
339
386
429
482
522
574
627
700
746
811
859
920
970
1022
1073
1117
1154
1203
88110
95265
95696
95849
96108
96176
96292
102637
102663
102690
102724
102750
102816
102861
102906
102949
103018
103057
103098
103139
103183
103225
103270
103318
103367
103420
103467
103518
103563
103613
103658
103707
103760
103805
103851
103896
103941
103986
104031
104075
104120
104171
104220
104264
104301
104338
104390
104426
104470
104506
104557
104594
104647
104691
104736
104782
104833
104892
104952
105005
105059
107911
110414
112320
116323
116406
116478
116518
116579
116605
124130
124220
137097
158895
159018
159080
159353
159534
160100
160153
160467
160510
160810
161085
161131
161184
161233
161292
161339
161382
161636
162088
162177
162235
162305
162349
162447
162697
162744
162787
162871
162916
163004
163063
163110
163149
163212
163261
163306
163367
163405
163485
163536
163615
163855
163904
163969
164194
164491
164544
164624
164677
164759
164806
164907
164946
165057
165132
165233
165282
165378
166151
166240
166286
166368
166436
166467
166536
166585
166646
166689
166738
166771
167017
167073
167131
167192
167294
167341
167457
167497
167528
167589
167677
167719
167750
167780
167811
167852
167883
167944
167978
168013
168540
168589
168666
168707
168978
169161
169222
169420
169691
169884
169990
170109
170169
170233
170300
170400
170432
170648
170718
170782
170817
171210
171320
171373
171595
171633
171685
171776
171827
171980
172124
172203
172364
172466
172513
172673
172850
172909
173220
173503
173599
173647
173685
173810
173849
173894
174358
174619
174827
174876
174972
175065
175208
175243
175292
175349
175432
175485
175546
175708
175757
175845
175895
175934
175967
176064
176158
176191
176414
176584
176655
177183
181262
181604
182894
182973
183235
183284
183339
184362
184505
184553
184940
185264
186223
186755
187404
187768
187901
188104
188167
188612
188704
188757
188812
188899
188952
193543
195211
195352
195391
195436
196555
196601
196665
196706
196749
200810
203101
203193
203360
203595
204264
204543
204782
204837
204905
204966
205039
205326
205380
205460
205511
205863
206026
206075
206233
207187
207238
208533
208638
208687
208775
208891
208988
209031
209126
214217
214254
214298
214468
216862
216916
217460
218575
218703
218772
219848
219899
220396
220582
220618
220660
224338
224696
224747
226787
228312
228452
228573
228618
228735
228831
228922
228959
228998
229039
229167
229207
229262
229308
234141
236067
236356
236676
237084
237898
238152
238440
238506
238557
238668
238721
238768
239824
240414
240606
240783
240988
241184
241476
241594
242165
242337
242725
242869
242974
243036
243226
243498
243671
243841
244020
244200
244375
244550
244720
244763
244943
245125
245309
245480
245789
246124
246170
246360
246867
247052
247232
248034
248339
248386
248435
248560
248902
249015
249194
249299
249421
249544
249689
249819
249947
250118
250238
250365
250579
250766
250865
250950
251212
251259
251385
253040
253108
253387
253460
253868
253931
254021
254105
254382
254441
254494
254575
254626
254677
254725
254822
254859
254916
254961
255365
255397
256456
256621
256862
257077
259241
259343
259417
260459
262247
263197
263286
263325
263370
263502
263826
263908
264185
264237
264285
264339
264630
265019
265152
265195
265311
265622
265739
265810
265925
265972
266054
266645
266691
266970
267037
267417
267516
267700
267854
268036
268198
268434
268754
268801
268876
268921
269011
269289
269330
269460
269745
269824
269859
269904
269955
270012
271535
271606
272653
272706
272838
273275
273319
273366
273437
273480
273531
274327
274439
274494
274756
274931
274998
275045
275119
275156
275282
275431
275476
275598
275641
275693
275770
275827
276038
276187
276234
276311
276448
276723
276760
276833
276874
276923
277001
277046
277281
277718
277798
277888
277946
277987
278266
278329
278543
278738
278783
278838
279163
279503
279564
279613
279920
279962
280016
280059
280107
280201
280252
280619
280674
280778
280850
280901
281000
281045
281401
281700
281737
281834
281879
281928
281981
282062
282121
282190
282266
282318
282365
282401
282462
282509
282554
282834
282875
282927
283192
283471
283793
283894
283935
283982
284058
286391
286473
286758
286803
286864
286926
287222
287291
287377
287435
287496
287559
287723
287759
287882
288320
288358
288397
288445
288482
288853
289007
289056
289167
289222
289297
289410
289446
290022
290239
290280
290317
290354
290463
290506
290632
297147
297205
297244
297285
297710
297988
298026
298901
298957
