1238
1272
1323
1360
1401
1667
1740
1788
1840
1891
1937
1987
2040
2097
2141
2189
2245
2305
2353
2405
2454
2507
2555
2607
2655
2707
2754
2805
2849
2897
2944
2995
3037
3083
3130
3187
3247
3323
3397
3450
3500
3551
3607
3687
3758
3819
3875
3920
3971
4026
4075
4131
4185
4239
4301
4357
4405
4451
4584
4645
4713
4775
4844
4915
4980
5054
5128
5181
5255
5318
5380
5451
5513
5563
5626
5680
5749
5805
5875
5945
6008
6072
6133
6194
6255
6314
6373
6463
6545
6627
6702
6773
6844
6915
6999
7084
7168
7244
7320
7396
7472
7548
7617
7687
7756
7825
7892
7959
8026
8093
8160
8225
8290
8356
8421
8486
8551
8619
8687
8752
8817
8882
8947
9012
9075
9140
9205
9271
9336
9401
9466
9525
9584
9654
9723
9779
9839
9923
9975
10051
10134
10186
10238
10342
10444
10519
10607
10691
10782
10873
10963
11081
11203
11336
11461
11544
11634
11748
11854
11966
12064
12169
12277
12394
12490
12578
12682
12773
12860
12940
13027
13112
13201
13297
13404
13511
13613
13719
13836
13948
14067
14184
14296
14408
14510
14610
14709
14807
14913
15011
15114
15190
15275
15367
15455
15531
15616
15708
15796
15872
15957
16049
16137
16213
16298
16390
16478
16563
16635
16716
16804
16887
16966
17036
17115
17201
17282
17361
17440
17522
17600
17676
17754
17822
17892
17975
18051
18127
18214
18305
18394
18479
18582
18669
18742
18817
18898
18973
19049
19128
19204
19283
19354
19427
19506
19579
19653
19731
19809
19878
19967
20058
20155
20246
20338
20433
20525
20620
20697
20786
20877
20957
21035
21113
21193
21295
21406
21510
21607
21682
21759
21851
21944
22042
22140
22240
22340
22449
22558
22655
22750
22847
22945
23047
23142
23239
23337
23386
23444
23495
23562
23607
23656
23716
23772
23831
23887
23949
24013
24070
24152
24227
24300
24372
24429
24502
24579
24671
24745
24823
24917
25000
25087
25199
25277
25362
25451
25567
25649
25751
25827
25907
26005
26083
26165
26267
26341
26419
26513
26589
26669
26767
26846
26929
27033
27106
27183
27275
27345
27419
27505
27578
27655
27747
27823
27903
28001
28075
28153
28247
28325
28407
28509
28599
28693
28819
28907
28999
29121
29200
29283
29387
29442
29509
29575
29651
29733
29794
29858
29921
29988
30057
30131
30204
30279
30358
30429
30502
30578
30646
30714
30783
30853
30919
31002
31085
31168
31239
31312
31399
31467
31523
31596
31663
31725
31789
31864
31938
32014
32094
32166
32240
32317
32386
32455
32525
32596
32663
32747
32831
32915
32987
33061
33149
33218
33274
33347
33414
33476
33541
33605
33676
33751
33825
33901
33981
34053
34127
34204
34273
34342
34412
34483
34550
34634
34718
34802
34874
34948
35036
35105
35166
35240
35312
35384
35456
35523
35588
35653
35718
35779
35843
35907
35971
36032
36100
36172
36259
36333
36392
36455
36524
36591
36654
36717
36780
36843
36903
36978
37051
37131
37191
37251
37311
37386
37461
37536
37618
37700
37782
37851
37920
37988
38061
38150
38223
38312
38385
38474
38549
38608
38667
38726
38785
38844
38903
38962
39027
39105
39187
39294
39378
39445
39512
39579
39640
39705
39778
39845
39910
39979
40051
40122
40189
40260
40336
40409
40469
40536
40619
40706
40806
40890
40978
41082
41151
41240
41333
41445
41508
41571
41634
41697
41763
41829
41906
41983
42054
42125
42196
42267
42335
42403
42476
42549
42624
42697
42777
42861
42972
43056
43167
43251
43362
43446
43557
43643
43720
43817
43894
43991
44068
44165
44242
44339
44416
44513
44590
44687
44764
44861
44940
45011
45086
45179
45254
45347
45422
45515
45592
45665
45744
45827
45936
46021
46098
46195
46274
46343
46416
46505
46578
46667
46740
46829
46902
46991
47066
47140
47218
47317
47397
47465
47537
47624
47696
47783
47855
47942
48014
48101
48173
48260
48332
48419
48493
48558
48627
48708
48777
48858
48927
49008
49079
49147
49219
49306
49380
49451
49526
49619
49694
49787
49862
49955
50032
50097
50170
50247
50344
50423
50492
50573
50644
50713
50786
50875
50948
51037
51110
51199
51272
51361
51434
51523
51596
51693
51768
51841
51918
52015
52092
52189
52268
52353
52442
52563
52654
52732
52814
52921
53003
53110
53192
53299
53383
53466
53553
53670
53759
53833
53911
54010
54088
54187
54267
54322
54619
54676
54732
54789
54846
54900
54957
55025
55075
55138
55207
55266
55332
55400
55465
55530
55584
55649
55734
55818
55903
55989
56075
56159
56236
56301
56375
56450
56516
56589
56655
56720
56785
56860
56913
56978
57039
57102
57156
57214
57274
57335
57392
57454
57513
57582
57645
57701
57763
57830
57887
57955
58028
58086
58153
58215
58272
58331
58394
58467
58537
58602
58671
58744
58805
58885
58957
59024
59094
59159
59224
59290
59355
59420
59489
59563
59628
59691
59742
59801
59867
59930
59998
60062
60126
60195
60264
60314
60374
60439
60502
60561
60625
60701
60765
60841
60907
60983
61050
61118
61181
61251
61314
61377
61440
61503
61576
61644
61706
61770
61830
61901
61973
62045
62119
62187
62252
62315
62390
62463
62530
62593
62677
62745
62801
62853
62911
62971
63023
63076
63137
63208
63274
63327
63384
63442
63501
63557
63607
63676
63735
63802
63867
63925
63987
64051
64124
64196
64256
64321
64384
64440
64502
64562
64616
64694
64768
64842
64900
64959
65027
65087
65143
65200
65272
65336
65401
65479
65549
65613
65680
65743
65815
65883
65951
66016
66077
66146
66210
66272
66328
66388
66444
66502
66560
66628
66687
66746
66822
66897
66967
67036
67095
67154
67212
67282
67354
67428
67491
67559
67621
67687
67747
67803
67862
67916
67972
68027
68101
68161
68220
68280
68337
68403
68461
68521
68570
68620
68673
68728
68792
68858
68924
68978
69039
69096
69151
69213
69279
69343
69403
69469
69524
69604
69680
69754
69829
69904
69978
70057
70150
70225
70302
70361
70423
70484
70549
70617
70682
70735
70796
70851
70908
70966
71017
71074
71136
71198
71264
71328
71384
71442
71510
71580
71638
71702
71757
71815
71881
71941
72008
72063
72118
72171
72227
72298
72368
72426
72501
72576
72652
72721
72777
72835
72890
72944
72997
73051
73110
73164
73231
73283
73339
73392
73449
73517
73594
73657
73724
73796
73859
73922
73986
74048
74101
74159
74213
74262
74301
74340
74378
74428
74467
74523
74583
74624
74670
74722
74760
74802
74851
74904
74958
75016
75070
75128
75182
75240
75293
75350
75393
75440
75482
75535
75580
75625
75679
75736
75790
75844
75898
75952
76009
76066
76120
76177
76231
76288
76345
76395
76443
76491
76541
76602
76646
76686
76730
76774
76822
76864
76910
76958
76996
77038
77078
77122
77164
77210
77251
77296
77343
77385
77431
77467
77510
77556
77601
77656
77696
77750
77799
77862
77914
77954
78011
78051
78093
78138
78187
78240
78295
78351
78399
78451
78505
78546
78593
78638
78689
78743
78798
78865
78929
78995
79061
79131
79193
79275
79338
79399
79463
79524
79588
79654
79722
79787
79849
79913
79987
80044
80107
80166
80231
80299
80361
80423
80489
80547
80625
80684
80741
80812
80860
80914
80980
81048
81101
81154
81217
81266
81328
81386
81445
81508
81572
81628
81671
81714
81763
81823
81877
81947
82024
82097
82177
82236
82294
82367
82430
82489
82552
82623
82699
82756
82817
82880
82961
83026
83083
83139
83202
83264
83322
83381
83441
83505
83566
83618
83673
83735
83796
83859
83898
83942
83990
84035
84078
84122
84161
84209
84253
84295
84341
84385
84427
84470
84511
84555
84601
84654
84711
84755
84796
84835
84877
84926
84989
85052
85111
85153
85212
85273
85319
85369
85423
85484
85564
85632
85711
85785
85856
85928
85994
86071
86148
86215
86301
86376
86448
86518
86589
86682
86754
86823
86904
86973
87048
87125
87199
87257
87315
87366
87418
87466
87522
87572
87624
87686
87741
87801
87865
87917
87967
88016
88064
