88110
95265
95696
96108
96176
102663
102690
102724
102750
102816
102861
102906
102949
103018
103057
103098
103139
103183
103225
103270
103318
103367
103420
103467
103518
103563
103613
103658
103707
103760
103805
103851
103896
103941
103986
104031
104075
104120
104171
104220
104264
104301
104338
104390
104426
104470
104506
104557
104594
104647
104691
104736
104782
104833
104892
104952
105005
105059
116518
116579
116605
124130
124220
237084
239824
240414
240606
240783
240988
241184
241476
241594
242165
242337
242725
242869
242974
243036
243226
243498
243671
243841
244020
244200
244375
244550
244720
244763
244943
245125
245309
245480
245789
246124
246170
246360
246867
247052
247232
256456
256621
256862
260459
262247
266054
267700
267854
268036
268198
268434
274756
277798
281401
