95265
95589
95754
95890
95961
96014
96067
96134
96250
113702
116357
143674
152575
153131
153792
159389
159436
159491
159811
159852
159909
159973
160033
160371
160421
161423
161474
161534
161584
162526
162576
162634
163708
163752
163806
164018
164064
164128
164859
165010
165091
166810
166862
166914
166956
169025
169064
169114
169256
169337
169515
169560
169602
169645
170502
170540
170592
171413
171469
171537
171732
172031
172074
172315
172421
172706
172759
172800
173553
173763
174921
175114
175160
175593
175661
176226
176270
176326
176370
176710
176756
176803
176851
176898
176946
176993
177041
177088
177136
181308
181455
181646
182209
182256
182315
182371
182429
182487
182549
182603
182677
182732
182785
182841
183056
183098
183143
183189
184397
184450
184851
184894
186075
186132
186171
186258
186316
186364
186364
186449
186504
186561
186606
186650
186704
187058
187116
187174
187233
187290
187347
187463
187514
187566
187618
187668
187718
187768
187956
188002
188051
188281
188281
188385
188434
188474
188515
188569
188661
188845
193146
193192
195248
195302
195484
195838
195955
196001
196044
196100
196158
196218
196275
196329
196385
196451
196500
200852
200898
202185
202237
203006
203053
203101
203254
203315
203403
203452
203499
203549
203643
203694
203742
203800
203852
203897
203948
204004
204050
204090
204147
204209
204543
204621
204668
204729
205572
205628
205679
205719
205769
205815
205918
205969
206124
206173
206280
206329
206378
206427
206476
206525
206574
206626
206688
206747
206801
206855
206909
206967
207017
207087
207138
207523
207581
207643
207693
207762
207823
207879
207932
207991
208045
208099
208154
208208
208262
208320
208383
208437
208481
208586
208732
208844
208948
209080
209173
209214
214359
214420
214518
214668
214720
215186
215223
215265
215320
215370
216768
216812
216965
217012
217064
217121
217174
217227
217285
217343
217402
217545
217597
217638
217679
217729
217782
217832
217882
217932
217982
218035
218088
218138
218191
218241
218294
218347
218395
218441
218485
218529
218640
219679
219728
219788
219966
220008
220067
220106
220150
220217
220262
220301
220348
220440
220484
220533
226828
226877
226931
226983
227030
227077
227125
227173
227221
227269
227326
227374
227422
227472
227528
227578
227629
227683
227734
227788
227844
227902
227966
228024
228083
228145
228204
228266
228367
228412
228515
228776
228882
229084
229127
229357
234092
236727
237181
237937
237989
238054
238110
238615
238810
238850
238907
238959
239004
239063
239115
239167
239219
239271
239333
239390
239441
239494
239767
240012
240090
240160
240230
240293
240353
241809
241870
241933
241990
242113
242278
242598
242658
242805
243164
245681
245737
246051
246491
246623
246806
246993
247437
247488
247533
247574
247621
247670
247716
247769
247824
247880
247928
247980
248091
248132
248174
248224
248284
248474
248515
248627
248677
248723
248770
248818
248863
251051
251091
251125
251163
251438
251477
251523
251563
251607
251651
251695
251743
251791
251844
251886
251932
251980
252018
252060
252100
252144
252187
252230
252274
252313
252369
252413
252457
252507
252549
252595
252636
252681
252727
252779
252826
252868
252910
252956
252999
253533
253579
253782
253823
254169
254227
254332
254774
255680
255736
255781
255841
255899
255964
256012
256066
256113
256164
256217
256279
256340
256400
257019
257077
257158
257207
257259
257301
257346
257391
257436
257496
257556
257616
257683
257750
257817
257871
257923
257968
258024
258075
258124
258167
258234
258297
258360
258407
258455
258512
258561
258614
258660
258721
258774
258828
258895
258954
259015
259071
259123
259184
259489
259554
259608
259658
259716
259769
259823
259867
259918
259963
260007
260051
260094
260143
260183
260228
260275
260335
260412
260557
260614
260662
260710
260775
260839
260898
260956
261004
261052
261099
261158
261219
261282
261334
261391
261442
261497
261546
261591
261733
261776
261817
261862
261906
261945
261987
262050
262101
262150
262198
262273
262318
262364
262408
262452
262496
262540
262577
262618
262673
262720
262766
262814
262868
262916
262965
263018
263071
263120
263158
263244
263458
263543
263590
263635
263682
263724
263773
263865
263949
264130
264909
264964
265064
265107
265261
265311
265656
265699
265867
266054
266179
266285
266343
266403
266463
266532
266601
267079
267373
267465
267632
268617
268674
268712
268961
269070
269121
269176
269229
270045
270100
270157
270215
270264
270319
270363
270432
270496
270559
270623
270688
270753
270816
270872
270937
271000
271064
271128
271191
271259
271341
271405
271471
271679
271723
271767
271811
271856
271904
271948
272004
272055
272105
272158
272212
272257
272309
272354
272408
272452
272496
272553
272607
272743
272793
272925
272974
273027
273080
273130
273174
273226
273569
273615
273665
273719
273788
273862
273914
273966
274018
274060
274110
274154
274200
274247
274287
274559
274608
274656
274703
275196
275243
275325
275369
275529
275882
275944
275986
276354
276402
277046
277134
277185
277236
278032
278085
278132
278177
278224
278329
278435
278490
278592
278637
278684
279123
279249
279306
279365
279406
279451
279613
279707
279754
279807
279851
280154
280574
280723
280954
281099
281144
281193
281243
281297
281347
281490
281537
281592
281778
282020
282222
282601
282650
282698
282748
282790
283000
283050
283104
283146
283518
283560
283605
283654
283707
283748
283848
284096
284136
284208
284281
284353
284417
284481
284545
284609
284673
284730
284788
284845
284902
284953
285008
285063
285118
285173
285228
285281
285334
285388
285441
285494
285547
285603
285659
285712
285765
285818
285871
285924
285975
286028
286081
286135
286188
286241
286294
286338
286970
287025
287082
287140
287179
287338
287610
287655
288761
288805
289107
289351
289485
289532
289596
289660
289725
289783
289828
289875
289919
289978
290071
290128
290184
290401
290549
290589
290946
290993
291040
291088
291136
291184
291232
291274
291325
291376
291419
291467
291529
291591
291647
291703
291759
291815
291868
291921
291964
292020
292061
292119
292176
292234
292292
292337
292397
292439
292479
292525
292593
292666
292730
292801
292889
293006
293067
293129
293202
293275
293339
293403
293466
293529
293589
293690
293746
293819
293884
293966
294028
294087
294181
294243
294299
294366
294429
294482
294536
294589
294648
294706
294770
294830
294892
294965
295042
295119
295169
295227
295284
295333
295410
295470
295571
295632
295696
295765
295832
295908
296001
296064
296138
296212
296285
296347
296393
296458
296528
296584
296641
296707
296759
296815
296870
296934
296995
297047
297099
297753
297794
297840
297884
297937
298065
298106
298151
298191
298235
298272
298313
298353
298397
298454
298511
298560
298603
298651
298697
298732
298771
298811
298851
298994
